## 3/7
### plots
first Z maxima plot: (σ = 10, ρ = 28, β = 8/3)
![max_plot](./plots/first_max_graph.png)

corresponding Z values:
![z_plot](./plots/screenshot2.png)

corresponding Z max/min plot:
![z_min_plot](./plots/screenshot3.png)

### exploring different parameter values
- for σ=10 and β=8/3, ρ=24 seems to be the threshold value between a decaying value of Z and the chaotic attractor system
- for σ=10 and ρ=28, the β parameter seems to control the "tightness" of the spirals
- for β=8/3 and ρ=28, the σ parameters seems to control the relationship between the two leaves of the attractor (within roughly the 5 to 15 range), and the general behavior/stability of the system at lower and higher values

## 3/14
for ρ=28, 5000 runs: distribution of Z values:
(in the same run, Z spent roughly 50/50 time around the mean)
![z_histogram_rho28](./plots/histogram1.png)

(all of these are for 5000 runs)

for ρ=18:
![z_histogram_rho18](./plots/histogram2.png)

for ρ=24:
![z_histogram_rho24](./plots/histogram3.png)

for ρ=34:
![z_histogram_rho34](./plots/histogram_rho34.png)

for ρ=38:
![z_histogram_rho38](./plots/histogram_rho38.png)

## 3/28
(looks like the way I was treating holding times before was wrong)


## 4/16

3×3 Matrix{Float64}:
 0.0  0.475787  0.0
 1.0  0.0       1.0
 0.0  0.524213  0.0

(I think this is the "jump chain")

once I fixed that, I'm getting:
    probability constructed directly is
    0.964583   0.0225267  0.0
    0.0354171  0.949925   0.0667942
    0.0        0.0275486  0.933206
    and probability constructed via T and holding scale is
    0.999299     0.000445696  2.94705e-7
    0.000700736  0.999009     0.00132113
    1.91101e-7   0.000544886  0.998679

(they converge, actually!)
for 300k runs:
    direct probability:
    0.964155   0.0236064  0.0
    0.0358449  0.947765   0.0671552
    0.0        0.0286284  0.932845

    direct to T:
    0.965196     0.0225999  0.000752862
    0.0343167    0.950418   0.0632936
    0.000487338  0.0269821  0.935954
 
 and if we go the other way it also works (taking the log of the constructed probability to get the T matrix)

 4/27

method 1:
    8×8 Matrix{Float64}:
    -2.70589       14.3084         6.41164      -6.04874e-5    2.72363      -0.0549777    0.013729     0.00251114
    4.97806e-7   -20.8065        -0.000146055   0.00126433   -2.27323e-5    5.35617      0.00134583  -0.0706156
    0.00116946    -0.000134385  -20.5153        5.4601e-7    -0.0634647     0.00132494   5.5258      -2.56779e-5
    -4.45754e-5     6.78942       14.3876       -2.62788       0.00163502   -0.0222559   -0.00208791   2.68225
    2.73533       -0.2024        -0.0907156     0.000692322  -4.90024       3.046        0.62935     -0.0391542
    -1.1222e-5      0.0016567      0.00350592   -0.0346881     0.000548272  -8.94775     -0.0367007    2.60257
    -0.0311235      0.00312881     0.00140218   -1.19407e-5    2.26912      -0.0350494   -8.91493      0.000600724
    0.000568014   -0.0935373     -0.198015      2.66068      -0.0311986     0.656545     2.7835      -5.17813
    8×8 Matrix{Float64}:
    0.973664   0.127379   0.0571595  0.0        0.0262195  0.003315    0.0018037   0.0
    0.0        0.812155   0.0        0.0        0.0        0.046184    0.0         0.0
    0.0        0.0        0.814523   0.0        0.0        0.0         0.0477228   0.0
    0.0        0.0604665  0.128317   0.974408   0.0        0.00150682  0.00390801  0.02579
    0.0263361  0.0        0.0        0.0        0.952603   0.0284035   0.00586202  0.0
    0.0        0.0        0.0        0.0        0.0        0.914488    0.0         0.0242516
    0.0        0.0        0.0        0.0        0.0211773  0.0         0.914775    0.0
    0.0        0.0        0.0        0.0255917  0.0        0.00610261  0.0259282   0.949958

method 2:
    8×8 Matrix{Float64}:
    -2.63361   12.7379     5.71595   0.0       2.62195   0.3315     0.18037    0.0
    0.0      -18.7845     0.0       0.0       0.0       4.6184     0.0        0.0
    0.0        0.0      -18.5477    0.0       0.0       0.0        4.77228    0.0
    0.0        6.04665   12.8317   -2.55917   0.0       0.150682   0.390801   2.579
    2.63361    0.0        0.0       0.0      -4.73967   2.84035    0.586202   0.0
    0.0        0.0        0.0       0.0       0.0      -8.55119    0.0        2.42516
    0.0        0.0        0.0       0.0       2.11773   0.0       -8.52247    0.0
    0.0        0.0        0.0       2.55917   0.0       0.610261   2.59282   -5.00417
    8×8 Matrix{Float64}:
    0.974342     0.114581     0.0514759    4.86809e-7   0.0253013    0.00615245   0.00301579   6.27487e-5
    1.24674e-10  0.828743     1.37773e-7   4.37998e-6   2.34205e-8   0.0403026    4.37702e-6   0.000503037
    4.07173e-6   1.27053e-7   0.830708     1.37189e-10  0.000454706  4.33099e-6   0.0416999    2.6519e-8
    4.93967e-7   0.0544119    0.115602     0.975052     6.13474e-5   0.00276557   0.00679113   0.0248646
    0.0253868    0.0015384    0.000690938  2.79207e-6   0.954099     0.0266483    0.0055233    0.000324576
    1.37914e-8   5.73485e-6   1.21765e-5   0.000294133  2.07834e-6   0.918111     0.000292652  0.0226667
    0.00026451   1.08619e-5   4.87724e-6   1.46806e-8   0.0198224    0.000280112  0.918364     2.27624e-6
    2.29062e-6   0.000709235  0.00150612   0.0246459    0.000258834  0.00573541   0.024309     0.951576

sanity check: why does it basically never transition x/y +/-? (only the first col tho?)

5/23

so, I have the transition matrices for an 8-partition with standard r=28
now: same partition, diff r:
r = 38
probability matrix (method 1)
    8×8 Matrix{Float64}:
    0.952426   0.189349   0.109677  0.0        0.0123043  0.000783044  0.000260376  0.0
    0.0        0.721893   0.0       0.0        0.0        0.00245354   0.0          0.0
    0.0        0.0        0.703226  0.0        0.0        0.0          0.00234338   0.0
    0.0        0.0887574  0.187097  0.951744   0.0        0.000417624  0.000468677  0.0122076
    0.0475744  0.0        0.0       0.0        0.972777   0.0550219    0.017289     0.0
    0.0        0.0        0.0       0.0        0.0        0.924306     0.0          0.0145668
    0.0        0.0        0.0       0.0        0.0149189  0.0          0.924231     0.0
    0.0        0.0        0.0       0.0482561  0.0        0.0170182    0.055408     0.973226
transition matrix (method 2)
    8×8 Matrix{Float64}:
    -4.75744   18.9349    10.9677   0.0       1.23043   0.0783044   0.0260376   0.0
    0.0      -27.8107     0.0      0.0       0.0       0.245354    0.0         0.0
    0.0        0.0      -29.6774   0.0       0.0       0.0         0.234338    0.0
    0.0        8.87574   18.7097  -4.82561   0.0       0.0417624   0.0468677   1.22076
    4.75744    0.0        0.0      0.0      -2.72232   5.50219     1.7289      0.0
    0.0        0.0        0.0      0.0       0.0      -7.56943     0.0         1.45668
    0.0        0.0        0.0      0.0       1.49189   0.0        -7.57694     0.0
    0.0        0.0        0.0      4.82561   0.0       1.70182     5.5408     -2.67744

r = 42
probability matrix (method 1)
    8×8 Matrix{Float64}:
    0.946412   0.1875  0.097561  0.0       0.0072446  0.000355186  0.000157175  0.0
    0.0        0.675   0.0       0.0       0.0        0.00131926   0.0          0.0
    0.0        0.0     0.695122  0.0       0.0        0.0          0.0012574    0.0
    0.0        0.1375  0.207317  0.947358  0.0        5.07408e-5   0.000261958  0.00686718
    0.0535875  0.0     0.0       0.0       0.979082   0.056779     0.0186514    0.0
    0.0        0.0     0.0       0.0       0.0        0.923534     0.0          0.013608
    0.0        0.0     0.0       0.0       0.0136732  0.0          0.920993     0.0
    0.0        0.0     0.0       0.052642  0.0        0.0179622    0.0586787    0.979525
transition matrix (method 2)
    8×8 Matrix{Float64}:
    -5.35875   18.75    9.7561   0.0      0.72446   0.0355186    0.0157175   0.0
    0.0      -32.5     0.0      0.0      0.0       0.131926     0.0         0.0
    0.0        0.0   -30.4878   0.0      0.0       0.0          0.12574     0.0
    0.0       13.75   20.7317  -5.2642   0.0       0.00507408   0.0261958   0.686718
    5.35875    0.0     0.0      0.0     -2.09178   5.6779       1.86514     0.0
    0.0        0.0     0.0      0.0      0.0      -7.64664      0.0         1.3608
    0.0        0.0     0.0      0.0      1.36732   0.0         -7.90067     0.0
    0.0        0.0     0.0      5.2642   0.0       1.79622      5.86787    -2.04752

5/26

** for high values of r, some states become very rare (e.g. states 2 and 3 in the 8-state partition) and so the directly-constructed probabilities can be inaccurate or even impossible (negative, >1). watch out for too evently divided probabilities (means only occurred a couple of times)

0.05, 0.95 quantiles: [10.6, 37.9]
0.05, 0.25, 0.75, 0.95 quantiles: [10.6, 16.9, 30.6, 37.9]

looking at the twelve-state quantile partition, with 1000000 runs each time:
r = 28:
probability matrix:
12×12 Matrix{Float64}:
 0.950898   0.222222  0.0769231  0.0        0.00298105  0.0         0.0         0.0         0.0        0.0       0.0       0.0
 0.0        0.555556  0.0        0.0        0.0         7.19541e-5  0.0         0.0         0.0        0.0       0.0       0.0
 0.0        0.0       0.692308   0.0        0.0         0.0         5.41771e-5  0.0         0.0        0.0       0.0       0.0
 0.0        0.222222  0.230769   0.952329   0.0         0.0         0.0         0.00299499  0.0        0.0       0.0       0.0
 0.0491022  0.0       0.0        0.0        0.982344    0.0502779   0.0178604   0.0         0.0942942  0.0       0.0       0.0
 0.0        0.0       0.0        0.0        0.0         0.931895    0.0         0.006321    0.0        0.876349  0.0       0.0163382
 0.0        0.0       0.0        0.0        0.00613562  0.0         0.931611    0.0         0.0185176  0.0       0.894288  0.0
 0.0        0.0       0.0        0.0476706  0.0         0.0177547   0.050475    0.981983    0.0        0.0       0.0       0.0970742
 0.0        0.0       0.0        0.0        0.00853911  0.0         0.0         0.0         0.834546   0.0       0.0       0.0
 0.0        0.0       0.0        0.0        0.0         0.0         0.0         0.0         0.0        0.123651  0.0       0.0530867
 0.0        0.0       0.0        0.0        0.0         0.0         0.0         0.0         0.0526421  0.0       0.105712  0.0
 0.0        0.0       0.0        0.0        0.0         0.0         0.0         0.00870123  0.0        0.0       0.0       0.833501
**notes: state 2 is too rare, states 10 and 11 are unstable -> these are the x/y opposite sign + z in 95th percentile
symmetrically, would expect states 2 and 3 to exhibit the same behavior (and they do, to some extent)
also interested in answering the q of origin states for 2/3/10/11 OR no. more so for 1/4/9/12

transition matrix:
12×12 Matrix{Float64}:
 -4.91022   22.2222    7.69231   0.0       0.298105   0.0          0.0          0.0         0.0        0.0       0.0       0.0
  0.0      -44.4444    0.0       0.0       0.0        0.00719541   0.0          0.0         0.0        0.0       0.0       0.0
  0.0        0.0     -30.7692    0.0       0.0        0.0          0.00541771   0.0         0.0        0.0       0.0       0.0
  0.0       22.2222   23.0769   -4.76706   0.0        0.0          0.0          0.299499    0.0        0.0       0.0       0.0
  4.91022    0.0       0.0       0.0      -1.76558    5.02779      1.78604      0.0         9.42942    0.0       0.0       0.0
  0.0        0.0       0.0       0.0       0.0       -6.81045      0.0          0.6321      0.0       87.6349    0.0       1.63382
  0.0        0.0       0.0       0.0       0.613562   0.0         -6.83895      0.0         1.85176    0.0      89.4288    0.0
  0.0        0.0       0.0       4.76706   0.0        1.77547      5.0475      -1.80172     0.0        0.0       0.0       9.70742
  0.0        0.0       0.0       0.0       0.853911   0.0          0.0          0.0       -16.5454     0.0       0.0       0.0
  0.0        0.0       0.0       0.0       0.0        0.0          0.0          0.0         0.0      -87.6349    0.0       5.30867
  0.0        0.0       0.0       0.0       0.0        0.0          0.0          0.0         5.26421    0.0     -89.4288    0.0
  0.0        0.0       0.0       0.0       0.0        0.0          0.0          0.870123    0.0        0.0       0.0     -16.6499